frequency,real,img,mag,phase
0,0.999999972,0,0.999999972,0
0.008,0.989509459,0.125003611,0.997373988,0.025132641
0.016,0.958433711,0.246083826,0.989521312,0.050265458
0.024,0.907941371,0.359479382,0.976515724,0.075398217
0.032,0.839922169,0.461751112,0.958479703,0.100530963
0.04,0.756902361,0.549921671,0.935582722,0.125663692
0.048,0.661932264,0.621595757,0.908039431,0.150796445
0.056,0.558452181,0.675052169,0.876107454,0.175929108
0.064,0.450140234,0.709305971,0.840084038,0.201061734
0.072,0.34075212,0.724134828,0.800301978,0.22619464
0.08,0.233966874,0.720072949,0.75712981,0.251327164
0.088,0.133221656,0.698368502,0.710961725,0.276459949
0.096,0.041581748,0.660911652,0.662218434,0.30159268
0.104,-0.038385709,0.61013366,0.61133996,0.326725425
0.112,-0.104704771,0.548883183,0.55878067,0.351858273
0.12,-0.156054794,0.480289368,0.505005917,0.376990862
0.128,-0.191807133,0.407611821,0.450485708,0.402123687
0.136,-0.21202066,0.33409217,0.395689699,0.427256311
0.144,-0.217414876,0.262809498,0.341083656,0.45238932
0.152,-0.209303176,0.196549089,0.287122559,0.477521919
0.16,-0.189509913,0.137687482,0.234247412,0.5026545
0.168,-0.160257684,0.088102466,0.182878566,0.52778751
0.176,-0.124045634,0.049113577,0.133414627,0.552919699
0.184,-0.083517335,0.021443761,0.086226331,0.578052701
0.192,-0.041324785,0.005220877,0.041653277,0.60318416
0.2,5.51652E-10,-7.83506E-10,9.58229E-10,-0.191467329
0.208,0.038160838,0.004820973,0.038464156,0.025133454
0.216,0.071201766,0.018281301,0.073511207,0.050264942
0.224,0.09758196,0.038635331,0.104952026,0.075398046
0.232,0.116235192,0.06390087,0.132642154,0.100531008
0.24,0.126593311,0.091975601,0.156478042,0.125663889
0.248,0.12859178,0.120755628,0.176402289,0.150796372
0.256,0.122639861,0.148245803,0.192398944,0.175928975
0.264,0.109573949,0.172661195,0.204495326,0.201062077
0.272,0.09058929,0.192510788,0.212760013,0.22619417
0.28,0.067149886,0.206665388,0.21730092,0.25132721
0.288,0.040898994,0.214398462,0.218264583,0.276459883
0.296,0.013552455,0.2154057,0.215831611,0.301592638
0.304,-0.013199115,0.209800826,0.210215611,0.326725223
0.312,-0.037786918,0.198085722,0.201657642,0.351858422
0.32,-0.058844593,0.18110532,0.190425374,0.376991026
0.328,-0.075281057,0.159980741,0.176808017,0.40212369
0.336,-0.086327932,0.136031198,0.161111759,0.427256505
0.344,-0.091570003,0.110689487,0.143656632,0.452389016
0.352,-0.090954944,0.085412245,0.124772006,0.477522238
0.36,-0.084778785,0.061595605,0.104792466,0.502654498
0.368,-0.07365519,0.040492778,0.084052079,0.527786534
0.376,-0.058468141,0.023149281,0.062884122,0.552919993
0.384,-0.040305517,0.010348784,0.041612883,0.578052647
0.392,-0.020389763,0.002575932,0.020551833,0.603184768
0.4,5.38947E-10,-7.13699E-10,8.94332E-10,-0.184802046
0.408,0.019606078,0.002476826,0.019761907,0.025132769
0.416,0.037265352,0.009568053,0.03847407,0.050265166
0.424,0.051975039,0.020578408,0.055900586,0.075398337
0.432,0.062946933,0.034605092,0.071831948,0.100530287
0.44,0.069645264,0.050600346,0.086086339,0.125663892
0.448,0.071811801,0.067436096,0.098511734,0.15079693
0.456,0.069470998,0.083976113,0.108987188,0.175929308
0.464,0.062919038,0.099144198,0.117423921,0.201061618
0.472,0.052696089,0.11198478,0.123763762,0.226194596
0.48,0.039548277,0.12171683,0.127980674,0.25132729
0.488,0.024374785,0.127775816,0.130079934,0.276459785
0.496,0.008168993,0.129841119,0.130097842,0.301592769
0.504,-0.0080432,0.127845016,0.12809778,0.326725438
0.512,-0.023267328,0.121972491,0.124171886,0.35185811
0.52,-0.0365988,0.112639821,0.118436487,0.376990963
0.528,-0.047274795,0.100464155,0.111031314,0.402123781
0.536,-0.054716612,0.086219863,0.102116465,0.427256309
0.544,-0.058559382,0.070786311,0.091868945,0.452389096
0.552,-0.058668366,0.055093225,0.080481306,0.477522152
0.56,-0.055140088,0.040061498,0.068156826,0.502655111
0.568,-0.048290516,0.026548388,0.055107085,0.527786128
0.576,-0.038630374,0.015295263,0.041548176,0.552918444
0.584,-0.026829659,0.006888896,0.027699954,0.578051577
0.592,-0.013671053,0.00172702,0.013779706,0.6031863
0.6,-5.89995E-10,8.48416E-10,1.03339E-09,0.435686691
0.608,0.013327892,0.001683631,0.013433812,0.025131653
0.616,0.025498823,0.006546908,0.02632588,0.050264913
0.624,0.035790611,0.014170346,0.03849372,0.075397454
0.632,0.043613765,0.023976827,0.049769958,0.100530815
0.64,0.048544386,0.035269524,0.060004139,0.125663606
0.648,0.050346303,0.047278223,0.069065046,0.150796231
0.656,0.048981008,0.05920747,0.076841809,0.175928528
0.664,0.04460506,0.070286106,0.083245108,0.201061644
0.672,0.037557521,0.07981336,0.088208501,0.226194251
0.68,0.028333314,0.087200626,0.091688199,0.251327178
0.688,0.017550968,0.092004796,0.093663861,0.276459913
0.696,0.005911112,0.093952152,0.094137921,0.301592591
0.704,-0.005847858,0.09295168,0.093135451,0.326725279
0.712,-0.016995874,0.089096458,0.090703024,0.351857977
0.72,-0.026855846,0.082654185,0.086907714,0.376990841
0.728,-0.034843833,0.074047284,0.081835768,0.402123474
0.736,-0.04050365,0.063823854,0.075591203,0.427256155
0.744,-0.043531662,0.052620944,0.06829326,0.452388961
0.752,-0.043792599,0.041124206,0.060074887,0.477521555
0.76,-0.041324763,0.030024239,0.05108024,0.502654692
0.768,-0.036333891,0.019974681,0.041462508,0.527787753
0.776,-0.029177496,0.011552093,0.031381158,0.552920869
0.784,-0.020340721,0.005222678,0.021000507,0.578052412
0.792,-0.010402663,0.001314464,0.01048538,0.603180069
0.8,4.89238E-09,3.27393E-07,3.27429E-07,0.311170795
0.808,0.010213629,0.001290564,0.010294842,0.025138182
0.816,0.019608316,0.005034588,0.020244336,0.050265753
0.824,0.027615685,0.010933782,0.029701408,0.075397965
0.832,0.033763338,0.018561402,0.038529063,0.100530282
0.84,0.037702016,0.027392085,0.046602235,0.12566359
0.848,0.039225401,0.036835067,0.053809425,0.150796349
0.856,0.038280106,0.046272726,0.060054406,0.175929244
0.864,0.034966549,0.055098316,0.06525706,0.201061686
0.872,0.029529951,0.062753633,0.069354426,0.226193801
0.88,0.022342628,0.068763109,0.072301854,0.251327046
0.888,0.013879746,0.072760023,0.074072048,0.276460075
0.896,0.004687834,0.074509786,0.074657109,0.301592693
0.904,-0.004650623,0.07392048,0.07406663,0.326725476
0.912,-0.01355288,0.07104714,0.072328256,0.351858141
0.92,-0.021472522,0.066085953,0.069486851,0.376990829
0.928,-0.027932453,0.059359784,0.065603398,0.40212347
0.936,-0.032552985,0.051296117,0.060753506,0.427255153
0.944,-0.035075501,0.042399046,0.055026992,0.452389229
0.952,-0.035373633,0.033217997,0.048525553,0.477522249
0.96,-0.033461852,0.024311468,0.04136113,0.502654788
0.968,-0.029491437,0.016213008,0.033654219,0.527787812
0.976,-0.023738988,0.009399042,0.025531971,0.552919492
0.984,-0.016587873,0.004259042,0.017125915,0.578053053
0.992,-0.008502891,0.001074177,0.008570473,0.603185512
1,3.07179E-11,-5.67258E-10,5.68089E-10,-0.303339533
1.008,0.008385743,0.001059267,0.00845238,0.025130414
1.016,0.016134073,0.004142516,0.016657393,0.050265365
1.024,0.022771471,0.009015834,0.024491328,0.075398004
1.032,0.027899528,0.015337843,0.031837605,0.100530674
1.04,0.03121909,0.022681967,0.0385889,0.125663583
1.048,0.032547316,0.030563923,0.044648417,0.150796315
1.056,0.031827324,0.038472532,0.049931095,0.17592895
1.064,0.029130336,0.045901792,0.054364979,0.201061394
1.072,0.024649443,0.052382396,0.057892232,0.226194175
1.08,0.018686277,0.057509896,0.060469539,0.25132685
1.088,0.011630541,0.060968999,0.062068416,0.276459893
1.096,0.003935704,0.062553009,0.0626767,0.301592251
1.104,-0.003911587,0.062173576,0.062296501,0.326725498
1.112,-0.01141994,0.059866659,0.060946139,0.351857616
1.12,-0.018126216,0.055786981,0.058657881,0.376990882
1.128,-0.023621509,0.050198513,0.055478522,0.402123473
1.136,-0.027578013,0.043455526,0.051467752,0.427257576
1.144,-0.029766194,0.035981199,0.046697676,0.452389204
1.152,-0.03007074,0.028238238,0.04125103,0.477522316
1.16,-0.028493786,0.020701937,0.03522025,0.502654874
1.168,-0.025154949,0.013829072,0.028705656,0.527787431
1.176,-0.020281857,0.008030218,0.021813714,0.552919777
1.184,-0.014195389,0.003644798,0.014655839,0.578052499
1.192,-0.007288211,0.000920788,0.007346147,0.603183826
1.2,-2.69735E-09,8.54019E-10,2.82932E-09,0.566992832
1.208,0.007210651,0.000910868,0.007267955,0.025131405
1.216,0.013894837,0.003567475,0.0143455,0.050263957
1.224,0.019641185,0.007776495,0.021124631,0.07539822
1.232,0.024101184,0.013249564,0.027503054,0.100529857
1.24,0.027009344,0.019623397,0.033385361,0.125663512
1.248,0.028200386,0.026481906,0.038685309,0.150796373
1.256,0.027617229,0.03338343,0.043326259,0.175928999
1.264,0.025313749,0.039888085,0.047242409,0.201061926
1.272,0.021450839,0.045585224,0.050380067,0.226194452
1.28,0.016284705,0.050118508,0.052697784,0.251326636
1.288,0.010150047,0.05320829,0.054167754,0.276460072
1.296,0.003439298,0.054666853,0.054774936,0.301593075
1.304,-0.003423382,0.054410647,0.054518236,0.326726201
1.312,-0.010008074,0.052463541,0.053409594,0.351858813
1.32,-0.015906362,0.04895479,0.051474108,0.37699107
1.328,-0.020756398,0.04410995,0.04874952,0.402123232
1.336,-0.02426474,0.038235804,0.045285255,0.427254963
1.344,-0.026224734,0.031701025,0.041142334,0.452386963
1.352,-0.026527492,0.024911559,0.036390845,0.477519735
1.36,-0.025168887,0.018286619,0.031110662,0.502652996
1.368,-0.022248024,0.01223116,0.025388498,0.527786152
1.376,-0.017960944,0.007111297,0.019317507,0.552919768
1.384,-0.012586787,0.003231706,0.012995042,0.578053524
1.392,-0.006470414,0.000817406,0.006521841,0.60318572
1.4,-1.47532E-08,1.7446E-08,2.28477E-08,0.454551729
1.408,0.006417275,0.000810766,0.006468289,0.02513506
1.416,0.012381169,0.003178955,0.012782766,0.050265657
1.424,0.017522621,0.006937547,0.018846003,0.075396751
1.432,0.02152708,0.011834508,0.024565642,0.100530224
1.44,0.02415331,0.017548253,0.029855043,0.125662874
1.448,0.025248081,0.023709362,0.034635234,0.150795755
1.456,0.024754591,0.029923042,0.03883527,0.175928801
1.464,0.022716192,0.035794837,0.042394525,0.201061542
1.472,0.019271759,0.040954261,0.045262039,0.226194087
1.48,0.014647022,0.045078546,0.047398424,0.251326954
1.488,0.00913971,0.047911555,0.04877552,0.276459784
1.496,0.003100571,0.049280065,0.049377509,0.30159236
1.504,-0.003089178,0.049103616,0.049200692,0.326724987
1.512,-0.009041606,0.047398688,0.048253355,0.351857654
1.52,-0.014386382,0.044277079,0.046555641,0.376990655
1.528,-0.018793538,0.039938512,0.044139345,0.402123452
1.536,-0.021994175,0.034657323,0.041047214,0.427256474
1.544,-0.023796192,0.028764832,0.037331948,0.452388738
1.552,-0.024096758,0.022628508,0.03305606,0.477521438
1.56,-0.022886912,0.016628423,0.028289842,0.502654206
1.568,-0.020252199,0.011133872,0.023110921,0.527786569
1.576,-0.016366726,0.006480197,0.017602917,0.55291871
1.584,-0.011481513,0.00294802,0.011853943,0.578051934
1.592,-0.005908245,0.000746401,0.005955205,0.603185262
1.6,-1.40735E-08,1.05544E-08,1.75914E-08,0.499624483
1.608,0.00587233,0.000741764,0.005918993,0.02512993
1.616,0.011340157,0.002911605,0.011707972,0.05026461
1.624,0.01606556,0.006360768,0.017278935,0.075397827
1.632,0.019756779,0.010861314,0.022545476,0.100530438
1.64,0.022189236,0.016121305,0.027427334,0.125663008
1.648,0.023217935,0.021802999,0.031850326,0.150796024
1.656,0.022786748,0.027544316,0.035748081,0.175928723
1.664,0.020930736,0.032981745,0.039062657,0.201062429
1.672,0.017774475,0.037772451,0.041745539,0.226194197
1.68,0.013522164,0.041616596,0.043758313,0.251326923
1.688,0.008445968,0.044274846,0.045073233,0.276459765
1.696,0.002867965,0.045583317,0.045673449,0.301592434
1.704,-0.002860253,0.045463592,0.045553477,0.326725312
1.712,-0.008379421,0.043926716,0.0447188,0.351858167
1.72,-0.013345244,0.041072724,0.043186389,0.376990709
1.728,-0.017449856,0.037083182,0.040983654,0.402123131
1.736,-0.020440865,0.032209788,0.038148386,0.427256213
1.744,-0.022136275,0.026758476,0.034727953,0.452388181
1.752,-0.02243687,0.021069751,0.030779011,0.477521479
1.76,-0.021330076,0.015497302,0.026365479,0.502654241
1.768,-0.018892032,0.010386075,0.021558743,0.527786811
1.776,-0.015281648,0.006050413,0.016435822,0.552920532
1.784,-0.010730035,0.002754981,0.011078067,0.578053472
1.792,-0.005526703,0.000698187,0.00557063,0.603185713
1.8,-7.74666E-09,7.52991E-09,1.08033E-08,0.47407633
1.808,0.005502499,0.000695172,0.005546239,0.025134356
1.816,0.01063655,0.00273095,0.010981543,0.050264572
1.824,0.01508234,0.005971504,0.016221462,0.075398036
1.832,0.01856431,0.010205854,0.021184737,0.10053128
1.84,0.020868664,0.015161878,0.025795032,0.125663117
1.848,0.021855523,0.020523621,0.029981376,0.150796056
1.856,0.021468704,0.025951052,0.033680296,0.175928608
1.864,0.019737644,0.031101392,0.036835732,0.201061471
1.872,0.016776006,0.035650727,0.039400618,0.226194453
1.88,0.012773775,0.039313472,0.041336648,0.251327164
1.888,0.007985606,0.041861497,0.042616368,0.276459701
1.896,0.002714044,0.043136259,0.043221556,0.301592245
1.904,-0.002709017,0.043060554,0.043145685,0.326725065
1.912,-0.007943403,0.041641398,0.04239226,0.351857826
1.92,-0.012661964,0.038969703,0.040975153,0.37699084
1.928,-0.016570802,0.03521493,0.038918926,0.402123455
1.936,-0.019427848,0.03061354,0.036257828,0.427256156
1.944,-0.02105764,0.025454444,0.033035631,0.452388839
1.952,-0.021361846,0.02006023,0.029304288,0.477521477
1.96,-0.020325921,0.014767575,0.025124178,0.502655283
1.968,-0.018017873,0.00990546,0.020561174,0.527787138
1.976,-0.014586999,0.005775422,0.015688723,0.552920068
1.984,-0.01025112,0.002632071,0.010583631,0.578052491
1.992,-0.005284588,0.000667627,0.005326593,0.603184725
2,2.53434E-10,-3.38523E-10,4.22879E-10,-0.185632281
2.008,0.005270443,0.000665802,0.005312331,0.025132386
2.016,0.010196663,0.002618026,0.010527393,0.050264893
2.024,0.01447076,0.005729394,0.015563702,0.075398397
2.032,0.017826772,0.009800283,0.020343041,0.10053038
2.04,0.020056481,0.014571784,0.024791113,0.12566304
2.048,0.021022754,0.019741604,0.028838986,0.15079606
2.056,0.020669285,0.024979176,0.032421885,0.175906785
2.064,0.019017915,0.029967296,0.035492533,0.201061498
2.072,0.016177969,0.034379806,0.037996023,0.226194382
2.08,0.012328886,0.037944047,0.039896768,0.25132685
2.088,0.007713936,0.040437404,0.041166593,0.276459732
2.096,0.00262411,0.041704224,0.041786699,0.301591449
2.104,-0.0026213,0.041666391,0.041748765,0.32672503
2.112,-0.007692682,0.040327167,0.041054327,0.351857726
2.12,-0.012272683,0.037771847,0.039715629,0.376990476
2.128,-0.016075124,0.03416131,0.037754532,0.402124014
2.136,-0.018862542,0.029722878,0.035202911,0.427255785
2.144,-0.020462242,0.024734754,0.03210158,0.452388738
2.152,-0.020775607,0.019509726,0.028500093,0.477521404
2.16,-0.019784321,0.014374384,0.024454903,0.502653282
2.168,-0.017553202,0.009649897,0.020030861,0.527788072
2.176,-0.01422267,0.005631235,0.0152969,0.55291931
2.184,-0.010003601,0.002568575,0.010328098,0.578051421
2.192,-0.005161327,0.000652055,0.005202352,0.60318472
2.2,8.04693E-09,-6.44116E-08,6.49123E-08,-0.289302089
2.208,0.0051563,0.000651412,0.005197285,0.025133517
2.216,0.009984274,0.002563588,0.010308138,0.050266648
2.224,0.014181534,0.005614887,0.015252635,0.075398475
2.232,0.0174855,0.009612692,0.01995361,0.100530584
2.24,0.019689355,0.014305102,0.024337351,0.125663364
2.248,0.020655739,0.019396966,0.028335523,0.150796116
2.256,0.020324915,0.02456837,0.031885843,0.175928262
2.264,0.018717959,0.02949467,0.034932758,0.201061582
2.272,0.015936516,0.033866436,0.037428707,0.226193795
2.28,0.012155426,0.037410107,0.039335359,0.251326709
2.288,0.007611988,0.039902916,0.04062247,0.276459669
2.296,0.002591507,0.041188704,0.04127015,0.30159225
2.304,-0.002591178,0.041186987,0.041268415,0.326725212
2.312,-0.007610842,0.039897868,0.040617296,0.351857975
2.32,-0.012152639,0.03740234,0.039327111,0.376990548
2.328,-0.015931691,0.033856883,0.037418008,0.40212314
2.336,-0.018710794,0.029483716,0.034919669,0.427255919
2.344,-0.020315448,0.024557288,0.031871269,0.452388825
2.352,-0.020644612,0.019386659,0.028320356,0.477521678
2.36,-0.019678608,0.014297706,0.024324309,0.502652432
2.368,-0.017473331,0.009606116,0.019939778,0.527786941
2.376,-0.014170769,0.005610686,0.015241079,0.552919303
2.384,-0.009975953,0.002561457,0.010299549,0.578051771
2.392,-0.005151633,0.000650774,0.005192575,0.603186887
2.4,-2.06767E-06,2.45546E-07,2.08219E-06,0.604678164
2.408,0.005155894,0.00065135,0.005196874,0.025133076
2.416,0.009992577,0.002565633,0.010316689,0.050265019
2.424,0.014206205,0.005624588,0.015279144,0.075397652
2.432,0.017531774,0.009638078,0.02000639,0.100530127
2.44,0.019760945,0.01436079,0.024428001,0.125687709
2.448,0.020748411,0.019483932,0.02846261,0.150795822
2.456,0.020435015,0.024701308,0.032058454,0.17592767
2.464,0.018836695,0.029681675,0.035154274,0.201061299
2.472,0.016052445,0.034113041,0.037701202,0.226194351
2.48,0.01225526,0.037717457,0.039658517,0.251326859
2.488,0.007681681,0.040268316,0.040994457,0.27645973
2.496,0.002617759,0.041605004,0.041687277,0.301591964
2.504,-0.002619281,0.041642648,0.041724942,0.326722517
2.512,-0.0077023,0.040377574,0.041105643,0.351857734
2.52,-0.012310478,0.037888201,0.039837967,0.37699043
2.528,-0.016154073,0.034329443,0.037940279,0.402123207
2.536,-0.018990256,0.029924101,0.035441242,0.427255859
2.544,-0.020638826,0.024947572,0.032378118,0.452391243
2.552,-0.020993649,0.019714503,0.028799217,0.477521301
2.56,-0.020029469,0.014552238,0.024757772,0.502654973
2.568,-0.017804196,0.009787212,0.020316961,0.527793846
2.576,-0.014452939,0.005722419,0.015544566,0.552919157
2.584,-0.01018477,0.002615045,0.010515132,0.578052296
2.592,-0.005264738,0.000665084,0.005306581,0.603186057
2.6,-1.03698E-07,-5.37331E-08,1.16793E-07,-0.532703137
2.608,0.005279709,0.000667016,0.005321676,0.025133996
2.616,0.01024297,0.002629941,0.010575209,0.050265362
2.624,0.014576951,0.005771651,0.015677992,0.075400924
2.632,0.018007927,0.009899802,0.020549732,0.100529775
2.64,0.020317282,0.014761292,0.025113496,0.12566321
2.648,0.021356413,0.020054812,0.029296618,0.150795477
2.656,0.021055667,0.025451779,0.03303232,0.175928607
2.664,0.01942955,0.030615781,0.036260632,0.20106107
2.672,0.016575402,0.035224172,0.038929246,0.226193905
2.68,0.012668004,0.038987635,0.040994073,0.251326699
2.688,0.007948982,0.041669383,0.042420794,0.276459589
2.696,0.002711678,0.043099418,0.043184639,0.301592466
2.704,-0.002716897,0.043185578,0.043270956,0.326725131
2.712,-0.007996577,0.041919803,0.042675697,0.351858134
2.72,-0.012794848,0.039379001,0.041405481,0.376990359
2.728,-0.016808494,0.03572026,0.039477366,0.402123013
2.736,-0.019781984,0.03117152,0.036918702,0.42725631
2.744,-0.021523654,0.026017813,0.033766763,0.452388646
2.752,-0.021918749,0.020583197,0.030068248,0.477521492
2.76,-0.020936186,0.015211141,0.025878615,0.50265413
2.768,-0.018631367,0.010242753,0.021261275,0.52778697
2.776,-0.0151426,0.00599543,0.016286299,0.552919736
2.784,-0.010683338,0.002743049,0.01102987,0.578052448
2.792,-0.005529139,0.000698537,0.00557309,0.603184194
2.8,-3.03622E-08,-3.02137E-09,3.05121E-08,-0.608481658
2.808,0.00555809,0.000702216,0.005602274,0.025135079
2.816,0.010796419,0.002772012,0.011146601,0.050264835
2.824,0.015383747,0.006090802,0.01654562,0.075397614
2.832,0.019028213,0.010460806,0.021714082,0.100530619
2.84,0.021495264,0.015617878,0.026569992,0.125667692
2.848,0.022623295,0.02124411,0.031034267,0.150793733
2.856,0.022333139,0.026996681,0.035036979,0.175931204
2.864,0.020635204,0.032515663,0.038510777,0.201061331
2.872,0.017626968,0.037458774,0.04139891,0.226193768
2.88,0.013489452,0.041515754,0.043652298,0.251326692
2.888,0.008475894,0.044430346,0.045231587,0.276458625
2.896,0.002895302,0.046017119,0.046108112,0.301592245
2.904,-0.00290479,0.046171764,0.046263048,0.326725242
2.912,-0.008561157,0.044880133,0.045689383,0.351857575
2.92,-0.013717319,0.042218338,0.04439091,0.376990043
2.928,-0.018045745,0.038349396,0.042383076,0.402123383
2.936,-0.021267656,0.033513588,0.039692239,0.427253564
2.944,-0.023173991,0.028012596,0.036355734,0.452389156
2.952,-0.023633261,0.02219325,0.032420231,0.477521447
2.96,-0.022606988,0.016425035,0.027943831,0.502654261
2.968,-0.020147582,0.011077057,0.022991873,0.52778124
2.976,-0.01639969,0.006493165,0.017638339,0.552919581
2.984,-0.011587544,0.002975223,0.011963408,0.578052273
2.992,-0.006006325,0.0007587,0.006054054,0.603188248
3,-3.58235E-08,7.88766E-10,3.58322E-08,0.623915615
3.008,0.006056738,0.000765063,0.006104867,0.02513011
3.016,0.011783477,0.003025466,0.01216568,0.050265211
3.024,0.016817288,0.006658403,0.01808744,0.075397897
3.032,0.020834977,0.011454232,0.023775948,0.100531747
3.04,0.023575369,0.017128375,0.02914068,0.125662965
3.048,0.024853897,0.023339271,0.034094542,0.150796052
3.056,0.024576821,0.029708031,0.038556286,0.175928389
3.064,0.022746867,0.035843094,0.042451706,0.201061345
3.072,0.019464417,0.041363688,0.04571453,0.226194104
3.08,0.014921902,0.045924055,0.048287493,0.25132634
3.088,0.009392309,0.049235932,0.050123771,0.276459945
3.096,0.003214224,0.051085955,0.051186971,0.301592238
3.104,-0.003230605,0.051351343,0.051452864,0.326725062
3.112,-0.009539226,0.050007318,0.050909024,0.35185768
3.12,-0.015313226,0.04712986,0.049555208,0.376990375
3.128,-0.020183644,0.042892693,0.047404246,0.402123384
3.136,-0.023833548,0.037555969,0.044480206,0.427255862
3.144,-0.026020133,0.03145315,0.040820925,0.452388679
3.152,-0.026588956,0.024968923,0.036474919,0.477521157
3.16,-0.025485677,0.018516634,0.03150215,0.50265377
3.168,-0.022760149,0.012512625,0.025972873,0.527786706
3.176,-0.018564517,0.007350291,0.019966674,0.552919571
3.184,-0.013145174,0.003375279,0.013571592,0.578050594
3.192,-0.006828246,0.000862681,0.006882526,0.603183684
3.2,-9.87006E-08,-3.42495E-08,1.04474E-07,-0.561517957
3.208,0.006915901,0.000873637,0.006970862,0.025131473
3.216,0.013485394,0.003462375,0.013922783,0.050264296
3.224,0.01929028,0.007637489,0.020747196,0.075397563
3.232,0.023954629,0.013169071,0.027335849,0.100530336
3.24,0.02716942,0.01973936,0.033583028,0.125661881
3.248,0.028711775,0.026962026,0.03938676,0.150795981
3.256,0.028461532,0.034403177,0.044650167,0.175926603
3.264,0.026407893,0.041611846,0.0492841,0.2010612
3.272,0.022654538,0.048142882,0.053206815,0.22619393
3.28,0.017412263,0.053588835,0.056346696,0.251326755
3.288,0.010988858,0.057604531,0.058643303,0.276459465
3.296,0.00377062,0.059929331,0.060047833,0.301592276
3.304,-0.003800267,0.060405302,0.060524727,0.326725264
3.312,-0.011252333,0.058987851,0.060051491,0.351857718
3.32,-0.01811447,0.055751318,0.058620333,0.376990368
3.328,-0.023944788,0.050885671,0.056237927,0.402123244
3.336,-0.028358311,0.044685874,0.052924674,0.427255941
3.344,-0.031053076,0.037536955,0.048716696,0.452388729
3.352,-0.031829282,0.029889852,0.04366356,0.477521528
3.36,-0.030604078,0.022235321,0.037828813,0.502654155
3.368,-0.027418443,0.015073548,0.031288702,0.527786827
3.376,-0.022437128,0.008883961,0.024131918,0.552916662
3.384,-0.015940294,0.004092789,0.016457335,0.578052846
3.392,-0.008308331,0.001049577,0.008374365,0.603186017
3.4,-4.65025E-08,3.93626E-08,6.09254E-08,0.48783131
3.408,0.008474307,0.001070436,0.008541645,0.02513
3.416,0.016584033,0.004257965,0.017121928,0.050264457
3.424,0.023810991,0.009427364,0.025609344,0.075397687
3.432,0.029681062,0.016317168,0.033870568,0.100530271
3.44,0.03379528,0.024553625,0.041773215,0.125663386
3.448,0.035856372,0.033671316,0.049187772,0.150796274
3.456,0.035688711,0.043140056,0.055988825,0.175928769
3.464,0.033252433,0.052397088,0.06205787,0.201061304
3.472,0.028648506,0.060880661,0.06728441,0.226194022
3.48,0.022116144,0.068065577,0.071568475,0.251326623
3.488,0.014021372,0.073495197,0.074820738,0.276456442
3.496,0.004833163,0.076816152,0.076968049,0.301592117
3.504,-0.004894164,0.077794,0.077947799,0.326725074
3.512,-0.014562461,0.076339286,0.077715841,0.351858285
3.52,-0.023560362,0.072512326,0.076243873,0.376990319
3.528,-0.031303846,0.066524532,0.073521726,0.40212331
3.536,-0.037270256,0.058729077,0.069557002,0.427255754
3.544,-0.041034169,0.049602419,0.064375484,0.452388095
3.552,-0.042295827,0.039718736,0.058021676,0.477521301
3.56,-0.040902633,0.029717753,0.050558582,0.502654021
3.568,-0.036863119,0.020265861,0.04206655,0.527786774
3.576,-0.030350988,0.012016931,0.032643362,0.552919596
3.584,-0.021698946,0.005571398,0.022402784,0.578052566
3.592,-0.011383781,0.001438051,0.011474252,0.60318674
3.6,-2.27443E-07,1.85374E-08,2.28198E-07,0.612053767
3.608,0.011770594,0.00148688,0.011864135,0.02513121
3.616,0.023200891,0.005956807,0.02395339,0.050264114
3.624,0.033559249,0.013287043,0.036093887,0.075398208
3.632,0.042154918,0.023174675,0.048105122,0.100530283
3.64,0.04838137,0.035151001,0.059802591,0.125663376
3.648,0.05175677,0.048602447,0.070999726,0.150795636
3.656,0.051956854,0.062804585,0.08151031,0.175928465
3.664,0.048841268,0.076961013,0.091150793,0.20106133
3.672,0.042468494,0.090249424,0.099742326,0.226194056
3.68,0.033100432,0.101871514,0.107114164,0.251326755
3.688,0.021194067,0.11110074,0.113104213,0.276459343
3.696,0.007382259,0.117331267,0.117563276,0.301592213
3.704,-0.007556722,0.120117214,0.120354681,0.326724953
3.712,-0.022739851,0.119209205,0.121358705,0.351857533
3.72,-0.037227665,0.114576401,0.120472613,0.376990385
3.728,-0.05007662,0.106419277,0.117612629,0.402123105
3.736,-0.060395785,0.095169182,0.112715678,0.427255981
3.744,-0.067401,0.081474345,0.105740076,0.452388701
3.752,-0.070466668,0.06617287,0.096666437,0.477521685
3.76,-0.069169629,0.05025503,0.085498571,0.502654157
3.768,-0.063324779,0.034813323,0.072263373,0.527787006
3.776,-0.053007663,0.02098744,0.05701127,0.552919584
3.784,-0.038564759,0.00990186,0.039815669,0.578052501
3.792,-0.020608893,0.002603484,0.020772689,0.60318602
3.8,-3.96292E-07,3.63312E-10,3.96292E-07,0.628135175
3.808,0.022186122,0.002802738,0.022362454,0.025132554
3.816,0.044707525,0.011478791,0.046157615,0.050264852
3.824,0.066208195,0.026213405,0.071208621,0.075397508
3.832,0.085284896,0.046885438,0.097322956,0.10053037
3.84,0.100556133,0.073057829,0.124293935,0.125663084
3.848,0.110732403,0.103983976,0.151902377,0.150795802
3.856,0.114685415,0.138629907,0.179919414,0.175928518
3.864,0.111511014,0.175711762,0.208108936,0.201061167
3.872,0.100582351,0.21374657,0.236229561,0.22619402
3.88,0.081593035,0.251114725,0.26403793,0.251326753
3.888,0.054583417,0.286130982,0.291290728,0.27645947
3.896,0.019952656,0.317120616,0.317747688,0.301592192
3.904,-0.021546793,0.342496027,0.343173124,0.32672492
3.912,-0.068831775,0.360835295,0.367341698,0.351857714
3.92,-0.120525471,0.370947127,0.390036101,0.376989871
3.928,-0.175016493,0.371932307,0.411052811,0.40212317
3.936,-0.230513462,0.363233762,0.430203699,0.427255937
3.944,-0.28512966,0.34466473,0.447317224,0.452388721
3.952,-0.336958235,0.316426907,0.462241106,0.477521433
3.96,-0.38415543,0.279107168,0.474843348,0.502654174
3.968,-0.425019886,0.233658302,0.48501351,0.527786972
3.976,-0.458067785,0.181364508,0.492665384,0.55291931
3.984,-0.482097423,0.123783226,0.497735082,0.578052407
3.992,-0.496240115,0.06269121,0.500184406,0.603185193
4,-0.499999937,1.89619E-06,0.499999937,0.628317772
4.008,-0.493272245,-0.062313239,0.497192566,-0.603186403
4.016,-0.476347783,-0.122303682,0.49179813,-0.578053695
4.024,-0.449897912,-0.178125418,0.483876839,-0.552920986
4.032,-0.414942554,-0.228114839,0.473512094,-0.527788218
4.04,-0.372803814,-0.270856013,0.460809791,-0.502655461
4.048,-0.32504549,-0.305236025,0.445896402,-0.47752274
4.056,-0.273404274,-0.330486701,0.428918823,-0.452390024
4.064,-0.219712146,-0.346208468,0.410041132,-0.427257248
4.072,-0.165818218,-0.352378631,0.389443682,-0.40212452
4.08,-0.113509542,-0.349342239,0.367320591,-0.376991827
4.088,-0.064437441,-0.337786851,0.343878089,-0.351859036
4.096,-0.020052092,-0.318700995,0.319331193,-0.326726339
4.104,0.018453304,-0.293322351,0.293902239,-0.301593556
4.112,0.050183266,-0.263074709,0.267818339,-0.276460827
4.12,0.074567791,-0.229498408,0.241308671,-0.251328013
4.128,0.091372397,-0.194177817,0.214601817,-0.226195302
4.136,0.100694184,-0.158669705,0.187923905,-0.201062535
4.144,0.102940984,-0.124435094,0.161495941,-0.175929836
4.152,0.09879793,-0.092777953,0.135531471,-0.150797008
4.16,0.089181349,-0.064794551,0.110234508,-0.125664452
4.168,0.075184871,-0.041333527,0.085797583,-0.100531566
4.176,0.058017951,-0.022971117,0.062399959,-0.075398774
4.184,0.038942612,-0.009998843,0.040205769,-0.050265867
4.192,0.01920987,-0.002426501,0.019362515,-0.025129978
4.2,4.23057E-07,1.46895E-09,4.2306E-07,0.000694442
4.208,-0.017629563,-0.002227073,0.017769675,-0.603186442
4.216,-0.032792627,-0.00841963,0.033856263,-0.578053539
4.224,-0.044803956,-0.017738974,0.048187816,-0.552920953
4.232,-0.053203563,-0.029248729,0.060713321,-0.527788077
4.24,-0.057765884,-0.04196925,0.071402488,-0.5026551
4.248,-0.058496204,-0.054931288,0.080244952,-0.477522636
4.256,-0.055615818,-0.06722754,0.087250567,-0.452389979
4.264,-0.049536554,-0.07805642,0.092448228,-0.427257412
4.272,-0.040826875,-0.08675891,0.095885047,-0.402126182
4.28,-0.030168957,-0.092849782,0.097628111,-0.376991573
4.288,-0.01831786,-0.096023923,0.0977555,-0.351859014
4.296,-0.006051142,-0.096174533,0.096364709,-0.326726368
4.304,0.005874614,-0.093379396,0.093564003,-0.301593577
4.312,0.016765592,-0.087889874,0.089474662,-0.276460808
4.32,0.026027299,-0.080104389,0.084226679,-0.251327852
4.328,0.033192941,-0.070539344,0.077958774,-0.226195494
4.336,0.037944296,-0.059791343,0.070815071,-0.201062988
4.344,0.040122312,-0.048499798,0.062944661,-0.175929702
4.352,0.039727424,-0.037306785,0.054498298,-0.150797119
4.36,0.03691326,-0.026819248,0.045627414,-0.125664397
4.368,0.03196915,-0.017575294,0.036481742,-0.100531471
4.376,0.025297352,-0.010016009,0.027208022,-0.075398764
4.384,0.017383909,-0.00446354,0.017947798,-0.050266675
4.392,0.0087665,-0.001107493,0.008836179,-0.02513333
4.4,2.14849E-07,4.92043E-08,2.20412E-07,0.045027035
4.408,-0.00837574,-0.001058074,0.008442307,-0.603186447
4.416,-0.015869382,-0.004074595,0.016384127,-0.578052696
4.424,-0.022063344,-0.008735402,0.023729694,-0.552921043
4.432,-0.026635787,-0.014643186,0.030395526,-0.527787345
4.44,-0.02937642,-0.021342972,0.036311108,-0.502655923
4.448,-0.03019363,-0.028353757,0.041419691,-0.477521905
4.456,-0.029116207,-0.035195184,0.045677724,-0.452390078
4.464,-0.026285693,-0.041419353,0.049056095,-0.427257194
4.472,-0.021944264,-0.046633734,0.051538877,-0.40212419
4.48,-0.016416367,-0.050523903,0.053124024,-0.376991676
4.488,-0.010085397,-0.052868714,0.053822079,-0.351858927
4.496,-0.003369238,-0.053550313,0.0536562,-0.326726147
4.504,0.003306432,-0.052557378,0.052661281,-0.301593645
4.512,0.009534301,-0.049981192,0.050882438,-0.276460623
4.52,0.014948686,-0.046007907,0.048375518,-0.251328156
4.528,0.019246953,-0.040902086,0.045204267,-0.226195103
4.536,0.022204548,-0.034989065,0.041440036,-0.201062695
4.544,0.023687063,-0.028632845,0.037160688,-0.175929544
4.552,0.02365391,-0.022212644,0.03244856,-0.150797093
4.56,0.022159059,-0.01609953,0.027390122,-0.125663891
4.568,0.019343149,-0.010634186,0.022073589,-0.100532547
4.576,0.015423512,-0.006106652,0.016588428,-0.075398807
4.584,0.010677107,-0.002741525,0.011023456,-0.050267422
4.592,0.005422758,-0.000685045,0.005465857,-0.025132418
4.6,1.68557E-07,6.34144E-09,1.68676E-07,0.007520857
4.608,-0.005251587,-0.000663393,0.005293322,-0.603187173
4.616,-0.01001467,-0.002571257,0.010339486,-0.578054427
4.624,-0.014010681,-0.005547212,0.015068867,-0.552920424
4.632,-0.017016986,-0.009355141,0.019418972,-0.527787804
4.64,-0.018878326,-0.013715863,0.023334868,-0.502655128
4.648,-0.019514492,-0.018325137,0.026769872,-0.477523122
4.656,-0.018922328,-0.022873005,0.029685499,-0.452390028
4.664,-0.017174804,-0.027063001,0.032052767,-0.427257133
4.672,-0.014413176,-0.030629373,0.033851117,-0.402124326
4.68,-0.010837187,-0.033353224,0.035069675,-0.376991484
4.688,-0.006690763,-0.035073703,0.035706175,-0.351858906
4.696,-0.002245925,-0.035696523,0.035767107,-0.326726139
4.704,0.002214338,-0.035198661,0.035268244,-0.30159388
4.712,0.006414372,-0.033625996,0.034232321,-0.276460898
4.72,0.010101806,-0.031090816,0.032690753,-0.251328649
4.728,0.01306243,-0.027759347,0.03067912,-0.226195422
4.736,0.01513325,-0.023846356,0.028242945,-0.201062577
4.744,0.016209955,-0.019594647,0.025430549,-0.175930082
4.752,0.016252234,-0.015261676,0.022294705,-0.150795218
4.76,0.01528459,-0.011104973,0.018892832,-0.125664295
4.768,0.013393264,-0.007363069,0.015283792,-0.100531653
4.776,0.010719016,-0.004243857,0.011528557,-0.075396578
4.784,0.007447394,-0.001912167,0.007688957,-0.050265511
4.792,0.003795887,-0.000479483,0.00382605,-0.025130221
4.8,8.07327E-08,-7.02315E-09,8.10376E-08,-0.017354841
4.808,-0.003701393,-0.000467564,0.003730808,-0.603187436
4.816,-0.007081782,-0.001818284,0.007311484,-0.578053275
4.824,-0.009939566,-0.003935287,0.01069025,-0.552921443
4.832,-0.012110729,-0.006657871,0.013820166,-0.527788304
4.84,-0.013477108,-0.009792334,0.016658999,-0.502648591
4.848,-0.013973595,-0.013121999,0.019168939,-0.477522694
4.856,-0.013590026,-0.016427422,0.021320155,-0.452389923
4.864,-0.012370819,-0.019493178,0.02308725,-0.427257126
4.872,-0.010411409,-0.022125136,0.024452384,-0.402124677
4.88,-0.00785069,-0.024159443,0.025402992,-0.376997192
4.888,-0.004859953,-0.025475827,0.025935245,-0.35185973
4.896,-0.001635688,-0.025997967,0.026049371,-0.326725897
4.904,0.001617052,-0.025702805,0.025753622,-0.301593138
4.912,0.004696243,-0.024617697,0.025061638,-0.276458854
4.92,0.007414275,-0.022818985,0.023993281,-0.251327913
4.928,0.009611266,-0.02042465,0.022573054,-0.226193424
4.936,0.011161935,-0.017588597,0.020831407,-0.201062965
4.944,0.011984696,-0.01448702,0.018801773,-0.175929262
4.952,0.012044027,-0.011310195,0.016522079,-0.150797343
4.96,0.01135317,-0.008248569,0.014033295,-0.125663795
4.968,0.009970802,-0.005481537,0.011378231,-0.100531623
4.976,0.007997687,-0.003166637,0.008601778,-0.075401
4.984,0.005568739,-0.001429916,0.005749392,-0.050269094
4.992,0.002844499,-0.000359247,0.002867095,-0.025126017
5,7.7261E-08,8.48236E-10,7.72657E-08,0.002195677
5.008,-0.002785359,-0.000351457,0.002807445,-0.603215188
5.016,-0.005339672,-0.001370106,0.005512648,-0.578084287
5.024,-0.007509633,-0.002973241,0.008076804,-0.55292106
5.032,-0.009168033,-0.005040087,0.010462089,-0.52778893
5.04,-0.010222144,-0.007426778,0.012635239,-0.502655389
5.048,-0.010618807,-0.009971625,0.014566824,-0.477523072
5.056,-0.01034668,-0.012506897,0.016231952,-0.452390052
5.064,-0.009435823,-0.014868457,0.01760982,-0.427256729
5.072,-0.007955782,-0.01690648,0.018684848,-0.402125763
5.08,-0.006009197,-0.018494268,0.019446038,-0.376991557
5.088,-0.003726721,-0.019535868,0.019888152,-0.351858919
5.096,-0.001256485,-0.019970709,0.020010197,-0.326725982
5.104,0.001244197,-0.019777525,0.019816623,-0.301593897
5.112,0.003619579,-0.018974337,0.019316491,-0.276459843
5.12,0.005724073,-0.017616931,0.018523533,-0.251327564
5.128,0.007432182,-0.015794285,0.017455565,-0.226195127
5.136,0.008645055,-0.013623414,0.016134881,-0.201068484
5.144,0.009297058,-0.011238247,0.014585386,-0.175929488
5.152,0.009357797,-0.008787387,0.012836921,-0.150794523
5.16,0.008834461,-0.00641893,0.010920182,-0.125668418
5.168,0.007770413,-0.004271716,0.00886718,-0.100528893
5.176,0.006241991,-0.002471368,0.006713428,-0.075397907
5.184,0.004352724,-0.001117623,0.004493917,-0.050266928
5.192,0.002226502,-0.000281329,0.002244205,-0.02513768
5.2,8.22692E-08,-2.58434E-08,8.62329E-08,-0.060874241
5.208,-0.002186335,-0.000276207,0.002203713,-0.603184978
5.216,-0.004197416,-0.001077734,0.004333567,-0.578052127
5.224,-0.005910977,-0.0023403,0.006357409,-0.552920937
5.232,-0.007226109,-0.003972526,0.008246066,-0.52778887
5.24,-0.008067695,-0.00586141,0.009972153,-0.50265666
5.248,-0.008391773,-0.007880407,0.011511849,-0.477521987
5.256,-0.008187237,-0.009896649,0.01284424,-0.452389542
5.264,-0.007476096,-0.011780382,0.013952398,-0.427257061
5.272,-0.006311242,-0.013411984,0.014822722,-0.402124361
5.28,-0.004773082,-0.014689905,0.015445893,-0.376991645
5.288,-0.002963754,-0.0155363,0.015816461,-0.351858957
5.296,-0.001000455,-0.015901453,0.015932895,-0.326725894
5.304,0.000991838,-0.015766423,0.01579759,-0.301594175
5.312,0.002888799,-0.015144079,0.015417143,-0.276461284
5.32,0.004573852,-0.01407713,0.014801545,-0.251328501
5.328,0.005945619,-0.012635168,0.013964163,-0.226195188
5.336,0.006923522,-0.010910744,0.012922055,-0.201070377
5.344,0.007454401,-0.009010762,0.011694526,-0.17592853
5.352,0.007511292,-0.007053678,0.01030407,-0.150797938
5.36,0.007099037,-0.005157736,0.008774883,-0.125663403
5.368,0.006250818,-0.003436444,0.007133153,-0.100531655
5.376,0.005026758,-0.001990205,0.005406405,-0.075397205
5.384,0.003508969,-0.000900893,0.003622771,-0.050262448
5.392,0.001796865,-0.000226897,0.001811134,-0.02512182
5.4,4.88285E-08,8.9612E-08,1.02052E-07,0.214377325
5.408,-0.001767949,-0.000223489,0.001782018,-0.603169656
5.416,-0.003397589,-0.000872352,0.003507792,-0.578053066
5.424,-0.004789619,-0.001896284,0.005151344,-0.552922494
5.432,-0.005860993,-0.003222075,0.006688273,-0.52778843
5.44,-0.006550065,-0.004758881,0.008096314,-0.502655237
5.448,-0.006819641,-0.006404012,0.009355152,-0.477522971
5.456,-0.006659787,-0.008050209,0.0104479,-0.452390455
5.464,-0.00608696,-0.00959151,0.011359936,-0.427256644
5.472,-0.005143527,-0.010930431,0.012080157,-0.402124714
5.48,-0.003893513,-0.011982911,0.012599587,-0.376991556
5.488,-0.002419817,-0.01268486,0.012913605,-0.351859151
5.496,-0.000817518,-0.012994453,0.013020144,-0.326725265
5.504,0.000811339,-0.012895953,0.01292145,-0.301592976
5.512,0.002364983,-0.012397794,0.012621349,-0.276460502
5.52,0.003747724,-0.011534378,0.012127956,-0.251327771
5.528,0.004875902,-0.010361866,0.011451754,-0.22619502
5.536,0.005683066,-0.008955077,0.010606161,-0.201061898
5.544,0.006123545,-0.007402413,0.009606952,-0.175933418
5.552,0.006175627,-0.005799302,0.008471734,-0.150796485
5.56,0.005841398,-0.004244295,0.007220524,-0.125669787
5.568,0.00514774,-0.00283008,0.0058744,-0.100533543
5.576,0.004143161,-0.001640387,0.00445608,-0.075397949
5.584,0.002894407,-0.000743213,0.002988303,-0.050269099
5.592,0.001483337,-0.000187399,0.001495128,-0.025134018
5.6,-3.63513E-08,-6.48266E-08,7.43229E-08,-0.416370653
5.608,-0.001461661,-0.000184511,0.001473261,-0.603204575
5.616,-0.0028114,-0.000721664,0.002902545,-0.578065123
5.624,-0.003966268,-0.001570352,0.004265827,-0.552920522
5.632,-0.004857136,-0.002670174,0.005542707,-0.527789447
5.64,-0.005432208,-0.003946781,0.006714608,-0.50265359
5.648,-0.005660062,-0.005315143,0.007764474,-0.477522251
5.656,-0.005531601,-0.006686249,0.008677819,-0.452393869
5.664,-0.005059846,-0.007972891,0.009442936,-0.427258304
5.672,-0.00427828,-0.009091616,0.010047943,-0.402125489
5.68,-0.003240758,-0.009973934,0.010487224,-0.376991675
5.688,-0.002015639,-0.010565966,0.010756506,-0.351859714
5.696,-0.000682072,-0.010831005,0.01085246,-0.326737467
5.704,0.000676621,-0.010756388,0.010777648,-0.301595006
5.712,0.001974248,-0.010348224,0.010534865,-0.276456071
5.72,0.00313036,-0.009634253,0.010130053,-0.25132738
5.728,0.004075336,-0.008660953,0.009571858,-0.226198435
5.736,0.004753439,-0.007490065,0.008871091,-0.201060053
5.744,0.005125248,-0.006195309,0.008040523,-0.175928372
5.752,0.005172146,-0.004856891,0.007095103,-0.150794859
5.76,0.004895491,-0.003556801,0.00605117,-0.125664194
5.768,0.00431674,-0.002373281,0.004926125,-0.100535708
5.776,0.003476524,-0.001375891,0.003738889,-0.075370248
5.784,0.002430415,-0.000623787,0.002509188,-0.050247136
5.792,0.001246273,-0.000157384,0.001256171,-0.02512381
5.8,-6.96057E-08,-2.15637E-08,7.28694E-08,-0.568234391
5.808,-0.001229678,-0.000155186,0.001239432,-0.603211154
5.816,-0.002366505,-0.000607659,0.002443275,-0.578049594
5.824,-0.003340644,-0.001322698,0.003592969,-0.552918043
5.832,-0.004093482,-0.002250374,0.004671272,-0.527788941
5.84,-0.004580889,-0.003327977,0.005662153,-0.502661514
5.848,-0.004775847,-0.004485015,0.006551647,-0.477517719
5.856,-0.004670145,-0.005645196,0.007326561,-0.45239002
5.864,-0.004274062,-0.00673483,0.007976562,-0.427256801
5.872,-0.003616334,-0.007684294,0.008492718,-0.402131956
5.88,-0.002740866,-0.008436359,0.008870429,-0.37698526
5.888,-0.001705659,-0.008940885,0.009102126,-0.351860416
5.896,-0.000577009,-0.009171244,0.009189377,-0.326725697
5.904,0.000573318,-0.009112959,0.009130976,-0.30159336
5.912,0.001673331,-0.008771952,0.008930127,-0.276460327
5.92,0.002654928,-0.008171064,0.008591561,-0.251327666
5.928,0.00345842,-0.007349441,0.008122497,-0.226193879
5.936,0.004035765,-0.006358924,0.007531488,-0.201055907
5.944,0.004353853,-0.005262939,0.006830415,-0.175929844
5.952,0.004396056,-0.004128208,0.00603054,-0.15079733
5.96,0.004163087,-0.003024691,0.005145877,-0.125664677
5.968,0.003672945,-0.002018995,0.004191284,-0.100521621
5.976,0.00295989,-0.001171985,0.003183473,-0.075402998
5.984,0.002070018,-0.000531513,0.002137167,-0.050267534
5.992,0.001062017,-0.000134097,0.001070449,-0.025120303
6,5.00678E-08,9.23697E-10,5.00763E-08,0.003689365
6.008,-0.001048996,-0.000132566,0.001057339,-0.60317706
6.016,-0.002019699,-0.00051857,0.002085209,-0.57805314
6.024,-0.002852564,-0.001129479,0.003068035,-0.552916126
6.032,-0.00349711,-0.001922493,0.003990709,-0.527790183
6.04,-0.003915378,-0.002844718,0.00483969,-0.502653832
6.048,-0.004084029,-0.003835016,0.005602377,-0.477525793
6.056,-0.003995447,-0.004829664,0.006268114,-0.45238937
6.064,-0.00365848,-0.005764662,0.006827577,-0.427259428
6.072,-0.003096832,-0.006581004,0.007273238,-0.40212502
6.08,-0.002348359,-0.007227483,0.007599427,-0.376991294
6.088,-0.001462021,-0.007664176,0.007802378,-0.351858399
6.096,-0.000494846,-0.007864959,0.007880511,-0.326726253
6.104,0.000490039,-0.007816861,0.007832206,-0.30163764
6.112,0.001436222,-0.007529469,0.007665222,-0.276462729
6.12,0.002279968,-0.007016881,0.007377999,-0.251326252
6.128,0.002971238,-0.006314192,0.006978343,-0.22619454
6.136,0.003468782,-0.005465992,0.006473756,-0.20106303
6.144,0.003743817,-0.004525676,0.005873492,-0.175933063
6.152,0.003781886,-0.003551351,0.005187944,-0.150794304
6.16,0.003583183,-0.002603184,0.004428969,-0.125658197
6.168,0.003162809,-0.001738711,0.003609221,-0.100528154
6.176,0.002549359,-0.001009309,0.002741885,-0.075394549
6.184,0.001783871,-0.000458033,0.001841735,-0.050266853
6.192,0.000915631,-0.000115513,0.000922888,-0.025098836
6.2,-3.51026E-07,7.62093E-08,3.59204E-07,0.58556123
6.208,-0.000905141,-0.00011441,0.000912343,-0.603171753
6.216,-0.001743395,-0.000447566,0.001799928,-0.578059743
6.224,-0.002463432,-0.000975241,0.002649452,-0.552927409
6.232,-0.003021131,-0.001661023,0.003447641,-0.52778033
6.24,-0.00338404,-0.002458651,0.004182905,-0.502654755
6.248,-0.003531235,-0.003316061,0.00484416,-0.477521786
6.256,-0.003455945,-0.004177313,0.005421577,-0.452394188
6.264,-0.003165783,-0.004988681,0.005908394,-0.427252874
6.272,-0.002681001,-0.005696938,0.006296259,-0.40213035
6.28,-0.002033845,-0.00625931,0.006581451,-0.376993191
6.288,-0.001266759,-0.006640218,0.006759969,-0.351860407
6.296,-0.000428863,-0.006816739,0.006830217,-0.32672534
6.304,0.000426539,-0.006779199,0.006792605,-0.30159208
6.312,0.001245823,-0.006531034,0.006648795,-0.276461295
6.32,0.001978367,-0.006088727,0.006402073,-0.251326826
6.328,0.002579209,-0.005481058,0.006057584,-0.226194126
6.336,0.003012348,-0.004746723,0.005621888,-0.201062366
6.344,0.003252403,-0.003931439,0.005102386,-0.175928168
6.352,0.003286544,-0.003086866,0.004508893,-0.150815688
6.36,0.003114955,-0.00226315,0.003850298,-0.125663833
6.368,0.002750451,-0.001512054,0.003138677,-0.100529877
6.376,0.002217918,-0.000878153,0.002385438,-0.07539953
6.384,0.001552535,-0.000398718,0.001602916,-0.050276886
6.392,0.000797668,-0.000101526,0.000804103,-0.025319462
6.4,9.88973E-09,2.36708E-07,2.36914E-07,0.30580806
6.408,-0.000788843,-9.96857E-05,0.000795117,-0.603177885
6.416,-0.001519589,-0.000390098,0.001568862,-0.578061161
6.424,-0.002147764,-0.000850015,0.002309852,-0.552948061
6.432,-0.002635052,-0.001448622,0.003006992,-0.527788172
6.44,-0.002952505,-0.002145117,0.003649495,-0.502654983
6.448,-0.003082111,-0.00289422,0.004227992,-0.477524667
6.456,-0.003017453,-0.003647379,0.004733751,-0.452391888
6.464,-0.002764999,-0.004356958,0.005160262,-0.427256269
6.472,-0.002342293,-0.00497753,0.005501103,-0.402125341
6.48,-0.0017767,-0.005471109,0.005752364,-0.376959002
6.488,-0.001107422,-0.005805236,0.00590992,-0.351858832
6.496,-0.000375105,-0.005961781,0.00597357,-0.326726356
6.504,0.00037292,-0.005930769,0.005942482,-0.301600022
6.512,0.001090321,-0.00571552,0.005818588,-0.276459222
6.52,0.001732064,-0.005330321,0.005604673,-0.251322721
6.528,0.002258651,-0.004799867,0.005304736,-0.226194499
6.536,0.002638746,-0.004157962,0.004924594,-0.201061136
6.544,0.002850065,-0.003445032,0.004471142,-0.17592619
6.552,0.002880717,-0.002705232,0.003951811,-0.150798614
6.56,0.002731222,-0.001984464,0.003376043,-0.12566922
6.568,0.002412481,-0.0013263,0.002753023,-0.100532742
6.576,0.001946068,-0.000770504,0.00209305,-0.075398293
6.584,0.001362747,-0.00034987,0.001406943,-0.050262225
6.592,0.000699794,-8.85629E-05,0.000705376,-0.025177273
6.6,2.49862E-08,-1.93175E-08,3.15828E-08,-0.131628001
6.608,-0.00069278,-8.74181E-05,0.000698274,-0.603214312
6.616,-0.001335339,-0.000342914,0.001378666,-0.578045046
6.624,-0.001887982,-0.000747451,0.002030556,-0.552925221
6.632,-0.00231703,-0.001273788,0.002644081,-0.527788234
6.64,-0.002596873,-0.001886724,0.003209903,-0.502655545
6.648,-0.002711585,-0.002546379,0.003719777,-0.47752086
6.656,-0.002655516,-0.003210091,0.004166107,-0.452385557
6.664,-0.00243423,-0.003835648,0.004542871,-0.427258602
6.672,-0.002062474,-0.004383288,0.004844277,-0.40211846
6.68,-0.001565572,-0.00481874,0.005066683,-0.376986197
6.688,-0.000975735,-0.005115101,0.005207333,-0.35185752
6.696,-0.000330722,-0.00525441,0.005264808,-0.326731044
6.704,0.000328951,-0.005228718,0.005239055,-0.301593372
6.712,0.000961511,-0.00504043,0.00513132,-0.276460264
6.72,0.001527666,-0.004701925,0.004943871,-0.251330585
6.728,0.001993254,-0.004235331,0.004680928,-0.22618466
6.736,0.002329072,-0.003670007,0.004346668,-0.20106136
6.744,0.002516369,-0.003041628,0.003947609,-0.175924694
6.752,0.002544175,-0.002389379,0.003490266,-0.150806453
6.76,0.002412748,-0.001752934,0.002982303,-0.125662075
6.768,0.002131646,-0.001171863,0.002432525,-0.100529591
6.776,0.001719953,-0.000681093,0.001849899,-0.075409863
6.784,0.001204664,-0.000309312,0.00124374,-0.050266578
6.792,0.000618693,-7.78698E-05,0.000623574,-0.025040708
6.8,-3.60027E-08,-1.397E-07,1.44265E-07,-0.364604341
6.808,-0.000612995,-7.74149E-05,0.000617864,-0.603193609
6.816,-0.001181874,-0.000303482,0.001220216,-0.578048487
6.824,-0.001671195,-0.000662038,0.00179755,-0.552882506
6.832,-0.002051821,-0.001127889,0.002341389,-0.527795692
6.84,-0.002300361,-0.001671283,0.002843387,-0.502656385
6.848,-0.002402448,-0.002256046,0.003295679,-0.477522207
6.856,-0.002353433,-0.002844891,0.003692161,-0.452386623
6.864,-0.002157748,-0.003399998,0.004026892,-0.427258436
6.872,-0.001828773,-0.003886221,0.004295012,-0.402126201
6.88,-0.001388587,-0.004273774,0.004493697,-0.376989175
6.888,-0.000865585,-0.00453778,0.004619598,-0.351856545
6.896,-0.00029336,-0.00466245,0.00467167,-0.326726623
6.904,0.000291999,-0.004640944,0.004650121,-0.301592212
6.912,0.000853712,-0.004474804,0.004555512,-0.276455935
6.92,0.001356735,-0.004175461,0.004390354,-0.251325464
6.928,0.00177024,-0.003761967,0.004157661,-0.226194963
6.936,0.002069229,-0.003260818,0.003861948,-0.201068426
6.944,0.002236095,-0.002702968,0.003508014,-0.175928955
6.952,0.002261556,-0.002123668,0.003102354,-0.150792945
6.96,0.002145339,-0.001558504,0.002651681,-0.125652963
6.968,0.001895807,-0.001042225,0.002163404,-0.100530639
6.976,0.00152999,-0.000605875,0.001645586,-0.075410493
6.984,0.0010719,-0.000275264,0.00110668,-0.050273626
6.992,0.000550871,-6.94885E-05,0.000555237,-0.025096012
7,5.40807E-08,3.60356E-09,5.42007E-08,0.013306916
7.008,-0.000545838,-6.8949E-05,0.000550176,-0.603188107
7.016,-0.001052434,-0.000270345,0.001086602,-0.578030618
7.024,-0.001488878,-0.000589514,0.001601338,-0.552917297
7.032,-0.001828163,-0.001005038,0.002086212,-0.527787793
7.04,-0.002049991,-0.001489436,0.002533947,-0.502652879
7.048,-0.002141757,-0.002011187,0.002938026,-0.477524892
7.056,-0.002098429,-0.002536598,0.003292071,-0.452388042
7.064,-0.001924326,-0.003032294,0.003591356,-0.427255382
7.072,-0.001631452,-0.003466893,0.003831577,-0.40212653
7.08,-0.001239259,-0.003814077,0.004010355,-0.376990659
7.088,-0.000772569,-0.004049809,0.004122841,-0.351859629
7.096,-0.000261781,-0.004162042,0.004170267,-0.326722167
7.104,0.000260729,-0.004143748,0.004151943,-0.301591612
7.112,0.000761912,-0.003996451,0.004068431,-0.276481983
7.12,0.001211707,-0.003729859,0.003921745,-0.251336983
7.128,0.001581621,-0.003361106,0.003714641,-0.226194463
7.136,0.001849164,-0.002913872,0.003451095,-0.201063659
7.144,0.001998531,-0.002415965,0.003135445,-0.175935517
7.152,0.002021771,-0.001898429,0.002773371,-0.150789093
7.16,0.001918172,-0.00139366,0.002371006,-0.125665498
7.168,0.001695625,-0.000932163,0.00193496,-0.100529662
7.176,0.001368787,-0.000541886,0.001472148,-0.075391306
7.184,0.000959352,-0.000245992,0.000990388,-0.050201365
7.192,0.000493023,-6.23517E-05,0.00049695,-0.025160078
7.2,7.2221E-08,5.07378E-08,8.82621E-08,0.12248513
7.208,-0.0004889,-6.5152E-05,0.000493222,-0.601822134
7.216,-0.000942609,-0.000242043,0.000973189,-0.578048576
7.224,-0.001333658,-0.000527978,0.001434365,-0.552927385
7.232,-0.001637879,-0.000900388,0.001869049,-0.527791619
7.24,-0.001836828,-0.001334756,0.002270575,-0.502638923
7.248,-0.001919508,-0.001802573,0.002633207,-0.477520121
7.256,-0.001881212,-0.002274,0.002951277,-0.452389133
7.264,-0.001725476,-0.002718912,0.00322021,-0.427256707
7.272,-0.001463102,-0.003109306,0.003436343,-0.40212246
7.28,-0.001111352,-0.003420601,0.003596611,-0.376987501
7.288,-0.000693143,-0.003633475,0.003698999,-0.351859474
7.296,-0.000235081,-0.003734885,0.003742276,-0.326731094
7.304,0.000234053,-0.003719172,0.003726529,-0.301589521
7.312,0.000684346,-0.003587644,0.003652331,-0.276461991
7.32,0.001088085,-0.003349039,0.003521362,-0.251331934
7.328,0.001420531,-0.003018545,0.003336094,-0.226188617
7.336,0.001660984,-0.002617557,0.003100076,-0.201071092
7.344,0.001795744,-0.002170697,0.002817201,-0.175929879
7.352,0.001816932,-0.001706191,0.002492454,-0.150795201
7.36,0.001724199,-0.001252744,0.002131251,-0.125666757
7.368,0.001524559,-0.000837903,0.001739644,-0.100507802
7.376,0.00123077,-0.000487363,0.001323751,-0.075407592
7.384,0.000862548,-0.00022151,0.000890536,-0.050275255
7.392,0.000443454,-5.61855E-05,0.000446999,-0.025205622
7.4,6.30273E-08,5.56604E-08,8.40864E-08,0.144681719
7.408,-0.000439713,-5.55318E-05,0.000443205,-0.603193308
7.416,-0.000848427,-0.000217827,0.000875943,-0.578055632
7.424,-0.001200421,-0.000475202,0.001291057,-0.552931578
7.432,-0.001474724,-0.000810798,0.001682915,-0.527781135
7.44,-0.001654272,-0.001201904,0.002044796,-0.502654397
7.448,-0.001728918,-0.001623555,0.002371727,-0.477522542
7.456,-0.001694704,-0.002048535,0.002658669,-0.452389806
7.464,-0.001554816,-0.002449752,0.002901506,-0.427265689
7.472,-0.001318551,-0.002802038,0.003096772,-0.402124553
7.48,-0.00100182,-0.003083138,0.003241818,-0.376993909
7.488,-0.000624773,-0.003275664,0.003334714,-0.3518529
7.496,-0.000211843,-0.003367755,0.003374411,-0.326723363
7.504,0.000211044,-0.00335414,0.003360773,-0.301591724
7.512,0.000616678,-0.003235805,0.003294044,-0.276495056
7.52,0.00098171,-0.003021339,0.003176829,-0.25132637
7.528,0.001281783,-0.002723812,0.003010336,-0.226191407
7.536,0.001499176,-0.002362136,0.002797716,-0.201054753
7.544,0.001620888,-0.001959365,0.00254291,-0.175931634
7.552,0.001640303,-0.001540382,0.002250193,-0.150798718
7.56,0.00155704,-0.001131125,0.001924531,-0.12565273
7.568,0.001376705,-0.000756863,0.001571037,-0.100532407
7.576,0.001111739,-0.000440147,0.001195697,-0.075394823
7.584,0.000779202,-0.000200034,0.000804468,-0.050257973
7.592,0.000400724,-5.0474E-05,0.000403891,-0.025059395
7.6,1.33018E-08,-1.57016E-08,2.05786E-08,-0.173590125
7.608,-0.000397444,-5.01668E-05,0.000400598,-0.603206611
7.616,-0.000766935,-0.000196907,0.000791809,-0.578055193
7.624,-0.001085395,-0.000429933,0.001167444,-0.552889336
7.632,-0.001333634,-0.000733179,0.001521884,-0.527786749
7.64,-0.001496367,-0.001087156,0.0018496,-0.502656388
7.648,-0.001563981,-0.001468663,0.002145462,-0.47752292
7.656,-0.001533377,-0.001853492,0.002405551,-0.45239164
7.664,-0.001406925,-0.002216942,0.002625694,-0.427257312
7.672,-0.001193417,-0.002536264,0.002803013,-0.402120101
7.68,-0.000906806,-0.002790949,0.002934569,-0.376989288
7.688,-0.000565731,-0.002965726,0.003019202,-0.351857645
7.696,-0.000191886,-0.003049581,0.003055612,-0.326727138
7.704,0.000191483,-0.003038817,0.003044844,-0.301573458
7.712,0.000559243,-0.00293137,0.002984239,-0.276456561
7.72,0.000889408,-0.002737316,0.002878184,-0.251327434
7.728,0.001161396,-0.002468098,0.0027277,-0.226194815
7.736,0.001358837,-0.00214102,0.002535824,-0.201054983
7.744,0.001469309,-0.001776098,0.002305079,-0.175929677
7.752,0.001486862,-0.001396437,0.002039803,-0.150809355
7.76,0.001411639,-0.001025633,0.001744892,-0.125665269
7.768,0.001248755,-0.00068647,0.001425002,-0.100526269
7.776,0.00100831,-0.000399178,0.00108445,-0.075391285
7.784,0.000706952,-0.000181509,0.000729881,-0.050263966
7.792,0.000363499,-4.58724E-05,0.000366382,-0.025106673
7.8,3.91608E-08,-3.83852E-10,3.91627E-08,-0.001960327
7.808,-0.000360678,-4.55346E-05,0.000363541,-0.603201941
7.816,-0.000696185,-0.000178841,0.000718789,-0.578028644
7.824,-0.000985465,-0.000390131,0.001059879,-0.552927769
7.832,-0.001210947,-0.000665743,0.001381886,-0.527785104
7.84,-0.001358471,-0.00098646,0.001678853,-0.502705609
7.848,-0.001420604,-0.001334012,0.00194877,-0.477523866
7.856,-0.001392869,-0.001683845,0.002185273,-0.452380263
7.864,-0.001278185,-0.002014185,0.002385518,-0.427252639
7.872,-0.001084419,-0.002304569,0.002546959,-0.402121854
7.88,-0.000824147,-0.00253647,0.002667002,-0.37699097
7.888,-0.000514344,-0.002695764,0.002744393,-0.351865498
7.896,-0.000174432,-0.002772455,0.002777937,-0.326725924
7.904,0.000173884,-0.002762138,0.002767606,-0.301585318
7.912,0.000508189,-0.002665081,0.0027131,-0.276474831
7.92,0.000808917,-0.002489553,0.002617675,-0.251326494
7.928,0.001056497,-0.002245189,0.002481342,-0.226195327
7.936,0.001236044,-0.001947638,0.002306751,-0.201059326
7.944,0.001336808,-0.001615948,0.002097223,-0.17593066
7.952,0.001352778,-0.001271647,0.001856635,-0.15089888
7.96,0.001284802,-0.000933373,0.001588049,-0.125654548
7.968,0.001136524,-0.000624856,0.00129697,-0.100537195
7.976,0.000918074,-0.000363452,0.000987399,-0.075390904
7.984,0.000643524,-0.000164883,0.000664312,-0.050164477
7.992,0.000330846,-4.19979E-05,0.000333501,-0.025253127
